0.19051355790261437
0.7519762127001308
104.23627465652922
0.8661827492303975
0.1575104188147528
64.4095375754578
0.7367535332946563
0.5754960365002865
236.49984885516682
0.6525674996988585
0.5657724435425884
184.56413272068036
0.17220192861133277
0.8637734040307524
345.233151513425
0.5433023801890223
0.08957730573716882
186.67381397107698
0.5177596486860755
0.787089807427365
251.60263575973212
0.1966754132141123
0.2344467635390547
24.80513064903007
0.7795106804080105
0.21150235643792703
98.17148830528558
0.7663174377138129
0.063681167529543
255.99668610315967
0.5128271079877219
0.32210866911300495
254.26240763301593
0.6376300174638446
0.7962277547143055
299.3770490534339
0.25794828512818724
0.3183849285225364
292.2475251516577
0.5376804282925469
0.5381272032458545
144.29714395129716
0.6072924207060509
0.7703300380482908
84.7076818266247
0.5634538311469983
0.7798294706147939
307.0805343176767
0.023374983872683774
0.9354554441301679
180.84342479934375
0.7646044216925665
0.476579201969605
158.47656004031649
0.6765111352739374
0.8938546116062195
32.20973233902112
0.3412890784980652
0.6677773387035938
18.636916164184065
0.2644456793944949
0.11420490589679999
98.76210287650872
0.01846477342473385
0.2159547161502997
141.58867388332462
0.8095361084554009
0.29201315307211706
129.19493895471106
0.150222179087931
0.43584706688111086
136.7862690803153
0.8978368978841069
0.4490028074256317
64.35078292858523
0.928227230679249
0.015015788046602307
33.304682174084896
0.3700005981221377
0.2174201915409134
95.68212734729673
0.22593911371189657
0.6223658168345372
26.37577258484886
0.5347967658632452
0.49524794925184634
295.833165803954
0.03563095939724581
0.17949882323965438
241.9328864296636
0.037608430205177124
0.7097702193382822
285.72834764313967
0.7508973962011465
0.69870758168991
210.1549013689092
0.3607207869524023
0.40142552608670423
309.3345239775695
0.2377061450979301
0.43404090872795675
113.10407948753783
0.888672407678591
0.7930729453457809
137.60543416578378
0.41842602446772914
0.45860376265828895
235.72051351652172
0.6663705447813618
0.16922444171573703
97.99779913536096
0.08380760512346008
0.5793244814430009
36.83524115642382
0.5829310050419352
0.9048768067976338
313.21889929661455
0.6376424462085857
0.1839283888972426
252.53161903907454
0.20001605056680005
0.6755956379045766
77.25301695472956
0.1796974408254559
0.4347758438827092
315.03576758620983
0.8264129560908984
0.9926304400714514
129.8195744066454
0.6283009341145747
0.47840762103399737
75.1399439457427
0.5341970403227476
0.6541086284959423
140.71631231036224
0.7803111399967878
0.6228175042963454
295.6220352368008
0.47640773315632723
0.8226839476118806
278.34776821586735
0.28066435210878604
0.8882408748863136
89.75920996085172
0.258962363862396
0.24018978209159159
64.35893516146359
0.32569338310239315
0.900087931132844
267.25759332398957
0.9446395762408154
0.0015332935273074666
187.7884358280761
0.6252171890693234
0.749911372882479
166.02240410933064
0.02536038114683148
0.4358029264604776
23.500733856625665
0.19119088968809128
0.48420661990643243
160.33792970146834
0.9385314552175431
0.006762565928221109
13.70517925106257
0.07051471129115205
0.12050155878496915
324.2530257499443
0.26861792991093547
0.9438588265642837
147.84653103383138
0.28334194560113934
0.16157665998322257
215.19021025020098
0.05798449348368917
0.16674065147002815
261.65987221369073
0.22468921735975245
0.15461919939994495
40.80275433483323
0.8398591637095716
0.26111725101807537
34.19804877291436
0.3170030355269463
0.8923804841897625
217.56006404977043
0.33638751504684483
0.013480018840536068
142.51369404195714
0.11711151689018529
0.8945781680189747
189.98461909530036
0.768379245845611
0.7005714835351836
84.63800872577087
0.6571049361407804
0.15333913764147022
224.30896284081726
0.4796102307465301
0.7621674124184071
96.64454628141854
0.9814317668627064
0.13676731545960885
320.8573198701264
0.9634029674779949
0.14028182106352516
319.8969924622224
0.5000324958974274
0.37696906801821517
268.84737224046177
0.3155230621449865
0.8437274523784702
117.90478786436813
0.4497006977170346
0.8271797870152935
330.5927873953616
0.8449212761853433
0.76535117325429
173.27795127825232
0.9049730950542796
0.5579844587805736
226.18036025833325
0.8191250297306718
0.43338157052228776
355.68235151934994
0.03949861544029065
0.3228643526483508
223.38579462373198
0.6676135223956178
0.8832125621306972
219.9271307421874
0.7646812006590952
0.40315794655829507
151.54393436298648
0.02465090455127994
0.7785168887072766
334.7173275871268
0.19197650808675326
0.8335992916240307
334.84089086686004
0.6700270049551096
0.049624594803694966
319.4042563045938
0.22795730218299926
0.300365114513079
304.4619558363764
0.1760672421204561
0.8332805423770666
127.36518773801467
0.838439372065046
0.4293783648087195
76.49857300114265
0.14309950950853567
0.24374778458622137
206.4189728943407
0.352741620759351
0.8757042016302464
171.6550386988503
0.601156487818775
0.2551666813245207
341.78683617011797
0.5365794257477795
0.16433746274473626
33.63901958815465
0.06777461176727673
0.6754010328182682
355.26455581181773
0.8790741530303309
0.9944945332453936
347.5843425378803
0.02192709708170426
0.21046545170864028
172.0848611052568
0.6246928278375945
0.12653990358867118
251.72850071209666
0.12087356215475242
0.9960744895965336
327.89387141927693
0.9652743146204813
0.7426228155513434
320.5148233427952
0.33537680313273566
0.6707939638638754
32.694205169553584
0.5931899814268732
0.5755769246705079
332.8499125097062
0.5915515340331476
0.21750071747485578
233.7468181692936
0.5285451369069852
0.19911947727694845
84.8340296209304
0.3136750895240561
0.9620316045208941
109.37481103354128
0.9674363626068152
0.7762293188257156
253.18562370466108
0.08758039647247351
0.5175637769133858
301.35244204825864
0.47280828641232997
0.6790120214204396
56.964072851596555
0.18162022503997577
0.24983310927171465
342.9426146172564
0.43443773698957056
0.6764751153710685
166.09728604216113
0.8413637573272252
0.3330515273932164
247.39281011934438
0.5719278638642333
0.5874157694145341
252.55595635865834
0.6317651942452606
0.41249450861021675
159.41443200364853
0.7281090688839179
0.21191733638709365
352.573816130496
0.9500046013770299
0.7022333570332443
8.330287182637806
0.1055827464305692
0.08148686828769813
166.75711150983562
0.5338955826273342
0.362298832417317
71.53143171067204
0.913844021993902
0.7462447397020668
281.79540283499966
0.001909424710048624
0.7274722559336065
72.86322681163308
0.51789810386107
0.3862765577543086
327.19437317857796
0.3855822174867245
0.33056969239088463
141.66472219889138
0.18282844893776007
0.9786277164931716
329.2879067302942
0.25432717322435017
0.27905633630186644
320.38977508707165
0.38554924005486
0.8536891904950998
20.916382091512883
0.4343196657825289
0.9295125729227762
294.8958718202664
0.08001683352415179
0.5639906519914546
188.61850348750193
0.8318852783954608
0.6561617081824945
211.32324017564918
0.8424015394470099
0.6906614066372706
231.89084338553047
0.37930148356782434
0.9455254012643151
43.60410481787167
0.24691866713773958
0.700890516154452
44.81017649714054
0.3155990496391641
0.8593351790397347
309.51652121525564
0.311852638649325
0.7133430831694599
204.75359001604696
0.6321714778262522
0.8040110669449132
211.1810618227848
0.2613171274805941
0.044271730748896565
233.6289988602123
0.5849947488966789
0.4111118416607329
125.2172602020666
0.9458938687466155
0.5084753101719919
193.35817361769236
0.2811299669626097
0.4748267617521591
82.53300105399737
7.694460218109489E-4
0.4966548109034504
190.6248926043404
0.8629009288915336
0.2873589647277731
308.8895144309915
0.5615100557371726
0.0013245723424514244
59.27602055298855
0.16156241379700365
0.260355826651672
22.819399237599953
0.14521510737765908
0.7213568037077775
357.2830484108656
0.5931264658073475
0.4916642403974134
61.90149583254331
0.10038804826875913
0.6414461323972374
215.74890013599105
0.788897611378788
0.42479017125127017
73.41607839383877
0.9662441916529814
0.6051297645302907
198.86966830698148
0.055657755959762856
0.11856340312256886
219.49344599041441
0.7170060849543475
0.22321414209510948
286.696954571547
0.3556908470408764
0.9835621008491675
275.3798230347434
0.4265549714166633
0.37514288047195565
119.53241417632707
0.49217196809904407
0.4086281130519903
324.6032682790659
0.5230273942831049
0.7574694587195572
8.23719542277033
0.5349673725079129
0.17596667499386953
165.73078272684413
0.8328563696866117
0.646522611430619
114.94240231667402
0.9765767369801897
0.2994119414073626
188.04210626413737
0.7825234454657878
0.8038009338611857
341.7687502561235
0.46564981910005554
0.19186648998728506
120.65782253662309
0.8489473720860696
0.34170498194482635
1.2411541337028975
0.3209512763327066
0.32097915688196044
121.17568761229055
0.962903324836232
0.2598893105444178
293.0329214317843
0.023432867567697024
0.6149732594342998
62.29104304977575
0.5829324718427191
0.18164223910901756
1.2824988458393616
0.9566776879050045
0.37321673334403505
71.6815814087213
0.500527587811358
0.7850073473420509
220.65750823732157
0.30175694885159354
0.7805513494157422
301.9749799900241
0.7135078180874123
0.301445965373879
115.13604724438333
0.9737151568195186
0.9543575452939133
11.116530104995181
0.43783648350162685
0.8091838492969845
30.54652498619439
0.1425725184826594
0.8244903691602732
43.01473848292339
0.21498075066779698
0.48933744953657843
251.54518887621506
0.33788439280408333
0.7861184229305412
314.9419513514797
0.2304239360831034
0.4477028805192588
149.07791706392845
0.5653748014048074
0.6235453999876749
189.65662914937627
0.17916023558694893
0.58781516480173
110.50950971543156
0.7366927624804607
0.5005840007956264
181.3199727676493
0.007840019485384486
0.6025244397947378
28.42355262861886
0.045528527931645524
0.09314497143077338
6.603824428084333
0.5144841144344148
0.729738326135497
164.38766189457354
0.5286457701814014
0.11744325175870107
114.40626689558042
0.4010068334909561
0.08787570724946858
41.40715623220258
0.7891908699617632
0.4195186724320764
244.65658369821784
0.9287239856464018
0.30956471514339234
185.89363460780658
0.889153487890647
0.4474127400782427
191.03003597325952
0.7219836236208169
0.7666771172116497
91.16762257698713
0.4421799997915238
0.7569973636798121
33.10580146268119
0.5713362036009207
0.9112695839236691
136.08574013742654
0.4580555301925937
0.3086565245331826
356.5656387376935
0.7984186213493807
0.42763109069816185
332.4965368464396
0.05392583583228694
0.7191910928334417
138.29750980321003
0.02500362188807459
0.8295121636139312
333.9241974743135
0.599451641301268
0.5377400071770468
156.46439329070716
0.12537737054528975
0.4697150436629378
357.07041383131894
0.5951784314468872
0.6343509661318113
300.32522799874926
0.9931392120428634
0.3294046350659561
321.19990919386237
0.7839391434859713
0.2151308003855561
184.32900967505458
0.20133765777176704
0.3914851683497538
113.89962033449322
0.8994386414097794
0.020572992102140142
126.0958456656618
0.03109954368667478
0.3927781696710373
72.61334866966543
0.596522882883967
0.3074868100765207
195.57739674152717
0.9629938548337749
0.6070106484728371
279.1676200557492
0.5631146585270657
0.06560343642884359
77.05417219567691
0.013582303115100447
0.39512913560639396
220.50935922422747
0.46037685670762374
0.05494797110412575
257.6565152138363
0.12511430960208747
0.2284227523651171
116.23564817813725
0.09819737657539962
0.0688566307070303
43.639887962473225
0.7191588065913883
0.9474681132635042
287.2497786891626
0.3473010543422129
0.9013748374785183
83.43095782388082
0.967047410612122
0.1669765969479522
316.93951679381695
0.4837859191245333
0.8198581621509864
286.0901619983523
0.9451192806137603
0.021082857386719
145.4329176990249
0.520131448733046
0.5789536460674803
303.7851567416105
0.6865731948794028
0.210188299422309
169.40691311137425
0.20908469960140974
0.7476772525218383
102.48985416414018
0.9417844464362105
0.4507662560879526
257.14499402989264
0.7205240585618546
0.11581411894517535
78.64209764995509
0.8646492675029845
0.6320236186169534
335.4748616535726
0.9405316039659546
0.3800146543945384
180.0105582938999
0.675164506258055
0.9833483007481966
198.15547158935104
0.17744960422695177
0.0362827889356333
242.51542157268275
0.8512008956292496
0.38627831383190925
302.3889235220418
0.07950630873350706
0.1984626323969445
194.068714965315
0.49032245218221193
0.20341123839188113
311.44466963896167
0.36739779442503084
0.8681212635743614
11.375959426454383
0.9924573653721772
0.020204853849246196
318.8169610929433
0.704606888581176
0.36805680143180575
2.6720039359751846
0.15502541828730576
0.9268552571005769
56.678757231035284
0.6067055017361648
0.2595753015581743
222.0277912880141
0.5744374704315576
0.1261041666994055
334.3120585650464
0.7137716102060299
0.0545895642528732
259.51245829407065
0.014244661993354502
0.005521727388741127
128.22353573465588
0.29958663409626296
0.5412871309919347
293.3529115519959
0.15503941995808113
0.4230144890430516
94.21064758179375
0.396562389258314
0.12225755777126912
359.4036724641249
0.0807906651449215
0.9323697146034227
64.01520967111874
0.002355440763183836
0.44410028408646773
30.697721716538236
0.5987909344050654
0.4287943474346745
98.55349330293278
0.1757148082972202
0.9270665150774517
53.44856035989935
0.3258469485575357
0.17674082845976313
61.08282139143355
0.3949994702566507
0.903512315333191
320.3386016162994
0.6136682971279984
0.14481034674610993
253.96879960544325
0.8595991803912756
0.6880188711796495
268.86320798378335
0.21539273783591362
0.8130360701744702
250.74357537525066
0.7756722465863458
0.445007718903382
240.3778938225115
0.9184930584096253
0.23110424376190386
11.558088699909078
0.4435258686522342
0.5284605861491293
319.671483456925
0.6644807371864794
0.733668201868101
7.46884410288827
0.8118396641328048
0.5517297504831808
267.5856512657903
0.342268116480721
0.7993285212744117
71.67732262966464
0.28786753107470076
0.7340656539526808
279.52393787733513
0.05106339222337064
0.558441212433626
130.1452080924056
0.9937283145270859
0.6669263893139729
326.6165843843981
0.17341548374301052
0.19390290611425898
348.10707138258977
0.3847593346119238
0.07178808882480825
286.68386064737314
0.7445371854532451
0.26754844400595656
142.93153972581635
0.5413882123690777
0.07833258628029105
128.69577980086314
0.9372300451816666
0.9687591375962981
179.4572208097166
0.4026782142649248
0.15571259354552403
203.76219348542455
0.7614011397312466
0.5941694164455156
35.13952913215124
0.4160958163633798
0.870126668851896
261.28070628448734
0.4839649884213566
0.6977049149183812
194.75323286229423
0.26949026151056465
0.8310871965896439
161.0721521730604
0.6614025372875546
0.3151845939438662
15.541712456370593
0.579988307127536
0.4103266216010214
18.37108670255946
0.8178164933224888
0.28085185303856086
223.0025461351913
0.21959527535317036
0.3769221841665429
192.51351623020074
0.6422690604659835
0.7748166670232525
176.23769791469357
0.7347329380404508
0.4674670890025182
283.05248799415216
0.48867620841585224
0.02771682900476291
23.141298788574684
0.48958598628803374
3.913623089757401E-4
106.68553296168082
0.9796033171860333
0.26604548076500434
144.68567317760903
0.4507004808043652
0.020125719701833966
89.52320853426453
0.6038723662177121
0.009519903910399918
161.11298085705545
0.19937880799576468
0.6128733779423989
283.4664260693464
0.49074217997142056
0.278433254598797
169.73299282439254
0.8725250066539509
0.13634331374692377
121.26838767149899
0.5962211491237135
0.978865983471799
34.93242055216277
0.40206212566168265
0.23782247646990728
247.58674511367923
0.5773602872394974
0.09853567559613452
278.45612361348196
0.05509683012211497
0.957208947843624
305.20919038674583
